#Epoch	RMSE	MAE	MAPE(%)
1	0.6232	0.4892	6.08
2	0.5556	0.4370	5.45
3	0.5326	0.4180	5.21
4	0.5114	0.3999	4.99
5	0.4902	0.3814	4.75
6	0.4611	0.3558	4.43
7	0.4219	0.3216	3.99
8	0.3693	0.2759	3.42
9	0.3335	0.2483	3.08
10	0.3070	0.2257	2.81
11	0.2908	0.2098	2.61
12	0.2826	0.2021	2.51
13	0.2755	0.1961	2.44
14	0.2718	0.1935	2.40
15	0.2689	0.1919	2.38
16	0.2679	0.1921	2.39
17	0.2680	0.1936	2.41
18	0.2686	0.1952	2.43
19	0.2691	0.1965	2.44
20	0.2700	0.1980	2.46
21	0.2695	0.1979	2.46
22	0.2702	0.1988	2.47
23	0.2708	0.1999	2.49
24	0.2726	0.2020	2.51
25	0.2743	0.2041	2.54
26	0.2748	0.2049	2.55
27	0.2747	0.2050	2.55
28	0.2747	0.2051	2.55
29	0.2743	0.2050	2.55
30	0.2736	0.2045	2.54
31	0.2728	0.2039	2.54
32	0.2720	0.2034	2.53
33	0.2711	0.2026	2.52
34	0.2707	0.2024	2.52
35	0.2694	0.2014	2.51
36	0.2680	0.2002	2.49
37	0.2675	0.1999	2.49
38	0.2663	0.1989	2.48
39	0.2657	0.1985	2.47
40	0.2647	0.1979	2.46
41	0.2644	0.1978	2.46
42	0.2638	0.1975	2.46
43	0.2626	0.1966	2.45
44	0.2619	0.1961	2.44
45	0.2620	0.1964	2.44
46	0.2608	0.1954	2.43
47	0.2601	0.1949	2.43
48	0.2599	0.1948	2.43
49	0.2602	0.1953	2.43
50	0.2592	0.1946	2.42
51	0.2590	0.1945	2.42
52	0.2590	0.1947	2.42
53	0.2595	0.1954	2.43
54	0.2579	0.1941	2.42
55	0.2583	0.1945	2.42
56	0.2571	0.1935	2.41
57	0.2572	0.1936	2.41
58	0.2563	0.1929	2.40
59	0.2565	0.1931	2.41
60	0.2559	0.1927	2.40
61	0.2562	0.1931	2.40
62	0.2579	0.1938	2.41
63	0.2554	0.1921	2.39
64	0.2554	0.1927	2.40
65	0.2558	0.1931	2.40
66	0.2557	0.1932	2.41
67	0.2555	0.1930	2.40
68	0.2555	0.1930	2.40
69	0.2558	0.1934	2.41
70	0.2547	0.1925	2.40
71	0.2544	0.1922	2.39
72	0.2542	0.1921	2.39
73	0.2541	0.1921	2.39
74	0.2540	0.1921	2.39
75	0.2541	0.1922	2.39
76	0.2538	0.1920	2.39
77	0.2535	0.1918	2.39
78	0.2533	0.1916	2.39
79	0.2531	0.1914	2.38
80	0.2529	0.1913	2.38
81	0.2527	0.1911	2.38
82	0.2524	0.1908	2.38
83	0.2523	0.1908	2.38
84	0.2526	0.1911	2.38
85	0.2525	0.1911	2.38
86	0.2523	0.1909	2.38
87	0.2525	0.1911	2.38
88	0.2522	0.1909	2.38
89	0.2520	0.1907	2.38
90	0.2516	0.1904	2.37
91	0.2517	0.1905	2.37
92	0.2516	0.1905	2.37
93	0.2512	0.1901	2.37
94	0.2505	0.1895	2.36
95	0.2503	0.1893	2.36
96	0.2500	0.1889	2.35
97	0.2495	0.1884	2.35
98	0.2494	0.1884	2.35
99	0.2492	0.1882	2.34
100	0.2489	0.1880	2.34
101	0.2482	0.1875	2.33
102	0.2481	0.1875	2.33
103	0.2478	0.1872	2.33
104	0.2474	0.1868	2.33
105	0.2467	0.1862	2.32
106	0.2455	0.1850	2.30
107	0.2451	0.1846	2.30
108	0.2448	0.1843	2.29
109	0.2444	0.1839	2.29
110	0.2439	0.1834	2.28
111	0.2437	0.1831	2.28
112	0.2434	0.1828	2.28
113	0.2430	0.1825	2.27
114	0.2427	0.1822	2.27
115	0.2425	0.1819	2.26
116	0.2422	0.1817	2.26
117	0.2420	0.1815	2.26
118	0.2417	0.1812	2.25
119	0.2414	0.1809	2.25
120	0.2411	0.1806	2.25
121	0.2396	0.1792	2.23
122	0.2400	0.1795	2.23
123	0.2391	0.1787	2.22
124	0.2386	0.1782	2.22
125	0.2319	0.1636	2.02
126	0.2322	0.1713	2.13
127	0.2352	0.1743	2.17
128	0.2392	0.1789	2.23
129	0.2391	0.1787	2.22
130	0.2386	0.1783	2.22
131	0.2384	0.1780	2.21
132	0.2378	0.1775	2.21
133	0.2375	0.1771	2.20
134	0.2369	0.1766	2.20
135	0.2364	0.1760	2.19
136	0.2361	0.1757	2.19
137	0.2357	0.1754	2.18
138	0.2354	0.1751	2.18
139	0.2349	0.1747	2.17
140	0.2344	0.1742	2.17
141	0.2342	0.1739	2.16
142	0.2339	0.1737	2.16
143	0.2334	0.1732	2.15
144	0.2329	0.1728	2.15
145	0.2326	0.1724	2.14
146	0.2322	0.1721	2.14
147	0.2312	0.1708	2.12
148	0.2310	0.1710	2.13
149	0.2309	0.1708	2.12
150	0.2309	0.1708	2.12
151	0.2309	0.1708	2.12
152	0.2308	0.1707	2.12
153	0.2305	0.1705	2.12
154	0.2300	0.1699	2.11
155	0.2294	0.1694	2.11
156	0.2290	0.1692	2.10
157	0.2288	0.1689	2.10
158	0.2278	0.1676	2.08
159	0.2280	0.1684	2.09
160	0.2265	0.1663	2.07
161	0.2263	0.1668	2.07
162	0.2263	0.1665	2.07
163	0.2253	0.1657	2.06
164	0.2270	0.1648	2.04
165	0.2272	0.1676	2.08
166	0.2280	0.1681	2.09
167	0.2276	0.1676	2.08
168	0.2279	0.1686	2.10
169	0.2261	0.1662	2.06
170	0.2252	0.1660	2.06
171	0.2252	0.1657	2.06
172	0.2253	0.1659	2.06
173	0.2253	0.1660	2.06
174	0.2241	0.1645	2.04
175	0.2237	0.1646	2.05
176	0.2228	0.1637	2.03
177	0.2220	0.1632	2.03
178	0.2192	0.1595	1.98
179	0.2197	0.1613	2.01
180	0.2201	0.1612	2.00
181	0.2209	0.1622	2.02
182	0.2213	0.1626	2.02
183	0.2187	0.1593	1.98
184	0.2196	0.1618	2.01
185	0.2187	0.1603	1.99
186	0.2177	0.1597	1.98
187	0.2165	0.1585	1.97
188	0.2158	0.1582	1.97
189	0.2148	0.1569	1.95
190	0.2153	0.1579	1.96
191	0.2133	0.1554	1.93
192	0.2123	0.1551	1.93
193	0.2132	0.1556	1.93
194	0.2151	0.1576	1.96
195	0.2163	0.1588	1.97
196	0.2167	0.1593	1.98
197	0.2163	0.1590	1.98
198	0.2147	0.1570	1.95
199	0.2138	0.1566	1.95
200	0.2129	0.1557	1.94
