#Epoch	RMSE	MAE	MAPE(%)
1	0.9854	0.6422	6.65
2	1.4109	1.2233	13.08
3	1.2609	1.0407	11.06
4	1.1541	0.9047	9.55
5	1.2478	1.0370	11.02
6	0.9367	0.6506	6.74
7	1.0270	0.7768	8.15
8	0.9295	0.6436	6.68
9	0.8986	0.5929	6.13
10	0.7984	0.4923	5.05
11	0.8026	0.5514	5.71
12	0.7398	0.4344	4.42
13	0.6885	0.3919	3.97
14	0.6609	0.3739	3.77
15	0.6762	0.3896	3.94
16	0.6940	0.4333	4.43
17	0.7617	0.5086	5.25
18	0.8372	0.6258	6.55
19	0.7349	0.5036	5.21
20	0.7607	0.5436	5.66
21	0.7857	0.5825	6.09
22	0.7379	0.5305	5.53
23	0.6588	0.4069	4.15
24	0.7880	0.5646	5.88
25	0.6062	0.3558	3.61
26	0.7848	0.5162	5.31
27	0.6402	0.3670	3.71
28	0.6483	0.3795	3.84
29	0.6526	0.4100	4.19
30	0.6607	0.4027	4.10
31	0.6105	0.3725	3.80
32	0.6889	0.4309	4.40
33	0.6103	0.3442	3.47
34	0.6222	0.3496	3.52
35	0.6505	0.3919	3.98
36	0.5587	0.3329	3.38
37	0.5927	0.3076	3.06
38	0.5589	0.2995	3.00
39	0.5843	0.2749	2.70
40	0.6073	0.3155	3.14
41	0.6024	0.3331	3.34
42	0.5793	0.2992	2.98
43	0.6290	0.3440	3.45
44	0.5054	0.2340	2.29
45	0.6327	0.3128	3.09
46	0.6087	0.3377	3.39
47	0.6092	0.3034	3.00
48	0.5543	0.2504	2.44
49	0.5788	0.2852	2.82
50	0.5905	0.2979	2.96
51	0.5212	0.2486	2.45
52	0.6370	0.3251	3.23
53	0.5582	0.2577	2.53
54	0.5571	0.2830	2.81
55	0.6922	0.3668	3.67
56	0.6148	0.2756	2.68
57	0.5392	0.2445	2.39
58	0.6002	0.3032	3.01
59	0.5938	0.3030	3.01
60	0.5484	0.2722	2.69
61	0.5566	0.2772	2.74
62	0.5178	0.2519	2.48
63	0.5276	0.2517	2.47
64	0.6126	0.2775	2.70
65	0.5674	0.2732	2.69
66	0.5660	0.2851	2.82
67	0.4560	0.2137	2.10
68	0.6081	0.2740	2.67
69	0.5945	0.2901	2.86
70	0.5963	0.3116	3.10
71	0.5182	0.2450	2.40
72	0.5649	0.2924	2.91
73	0.5371	0.2476	2.42
74	0.5800	0.2882	2.85
75	0.5497	0.2620	2.57
76	0.4950	0.2203	2.15
77	0.5241	0.2452	2.41
78	0.4976	0.2300	2.26
79	0.3698	0.1651	1.63
80	0.5478	0.2476	2.42
81	0.5686	0.2869	2.84
82	0.5116	0.2287	2.23
83	0.4421	0.1947	1.91
84	0.5414	0.2322	2.26
85	0.4551	0.1992	1.95
86	0.4248	0.1825	1.78
87	0.6147	0.2691	2.61
88	0.5609	0.2465	2.40
89	0.5424	0.2411	2.35
90	0.4539	0.1880	1.82
91	0.6246	0.2748	2.67
92	0.5460	0.2250	2.17
93	0.5477	0.2228	2.14
94	0.5915	0.2473	2.38
95	0.5390	0.2391	2.33
96	0.5172	0.2212	2.14
97	0.5953	0.2567	2.48
98	0.5560	0.2477	2.41
99	0.5244	0.2243	2.17
100	0.6117	0.2802	2.73
101	0.5554	0.2451	2.38
102	0.5655	0.2424	2.34
103	0.5916	0.2694	2.63
104	0.5007	0.2036	1.96
105	0.6347	0.2806	2.72
106	0.6076	0.2795	2.73
107	0.5411	0.2293	2.22
108	0.5808	0.2643	2.58
109	0.4979	0.2097	2.03
110	0.5403	0.2297	2.22
111	0.5864	0.2551	2.47
112	0.5727	0.2535	2.46
113	0.5381	0.2315	2.24
114	0.6019	0.2903	2.86
115	0.4848	0.2092	2.03
116	0.5164	0.2067	1.98
117	0.6226	0.2834	2.76
118	0.5264	0.2217	2.14
119	0.5868	0.2336	2.23
120	0.6372	0.3014	2.96
121	0.5938	0.2878	2.83
122	0.5074	0.2049	1.97
123	0.5773	0.2502	2.43
124	0.5424	0.2253	2.17
125	0.6010	0.2682	2.61
126	0.5402	0.2277	2.20
127	0.5986	0.2496	2.40
128	0.5202	0.2095	2.01
129	0.6518	0.2771	2.67
130	0.5443	0.2408	2.34
131	0.5102	0.2061	1.98
132	0.5334	0.2236	2.15
133	0.6005	0.2620	2.54
134	0.5284	0.2144	2.05
135	0.6217	0.2884	2.82
136	0.5215	0.2330	2.27
137	0.5139	0.1958	1.86
138	0.6313	0.2662	2.57
139	0.6407	0.3145	3.10
140	0.5402	0.2107	2.01
141	0.6064	0.2729	2.66
142	0.5229	0.2152	2.07
143	0.5721	0.2186	2.07
144	0.5407	0.2282	2.20
145	0.5551	0.2319	2.23
146	0.5134	0.2006	1.91
147	0.5069	0.1996	1.91
148	0.5770	0.2409	2.32
149	0.5107	0.1974	1.88
150	0.6722	0.2999	2.91
151	0.6343	0.2863	2.79
152	0.4943	0.1938	1.86
153	0.7232	0.3407	3.34
154	0.6578	0.3061	2.99
155	0.6202	0.2537	2.43
156	0.5892	0.2533	2.45
157	0.6095	0.2597	2.51
158	0.5472	0.2213	2.12
159	0.5685	0.2283	2.19
160	0.6075	0.2892	2.84
161	0.4702	0.2512	2.53
162	0.7517	0.3712	3.66
163	0.6863	0.3357	3.31
164	0.6228	0.2653	2.56
165	0.6159	0.2566	2.47
166	0.5964	0.2278	2.16
167	0.5661	0.2098	1.98
168	0.6619	0.2802	2.70
169	0.5911	0.2554	2.47
170	0.5596	0.2118	2.01
171	0.6364	0.2570	2.46
172	0.6265	0.3061	3.02
173	0.5141	0.2586	2.58
174	0.6924	0.3282	3.22
175	0.5904	0.2314	2.20
176	0.6189	0.2615	2.52
177	0.5696	0.2166	2.06
178	0.5759	0.2236	2.13
179	0.5923	0.2281	2.17
180	0.6006	0.2333	2.22
181	0.6133	0.2521	2.42
182	0.5846	0.2283	2.18
183	0.5635	0.2251	2.16
184	0.6253	0.2554	2.45
185	0.5549	0.2092	1.98
186	0.6778	0.2917	2.82
187	0.6009	0.2454	2.35
188	0.6385	0.2750	2.66
189	0.5806	0.2366	2.27
190	0.6580	0.2856	2.77
191	0.6155	0.2457	2.35
192	0.6405	0.3024	2.96
193	0.5423	0.2328	2.26
194	0.6818	0.3126	3.05
195	0.5896	0.2375	2.27
196	0.6339	0.2754	2.67
197	0.5956	0.2489	2.41
198	0.5937	0.2416	2.32
199	0.5657	0.2276	2.19
200	0.5859	0.2431	2.35
