#Epoch	RMSE	MAE	MAPE(%)
1	1.1649	1.0137	6.11
2	2.3618	2.2403	13.38
3	1.9232	1.8468	11.05
4	2.1772	2.0907	12.50
5	2.0047	1.9213	11.49
6	1.7460	1.6609	9.95
7	1.2068	1.0608	6.39
8	0.7413	0.5921	3.59
9	1.1605	1.0273	6.19
10	0.7181	0.5688	3.45
11	0.7189	0.5729	3.47
12	1.3688	1.2488	7.50
13	2.4857	2.4112	14.40
14	2.7271	2.6694	15.93
15	2.5039	2.4408	14.57
16	2.5661	2.5058	14.96
17	2.4186	2.3589	14.09
18	2.5034	2.4413	14.57
19	2.4598	2.4007	14.33
20	2.4478	2.3882	14.26
21	2.4182	2.3608	14.10
22	2.2732	2.2059	13.18
23	2.5378	2.4797	14.80
24	2.1449	2.0679	12.36
25	2.1277	2.0412	12.20
26	1.9376	1.8452	11.04
27	2.2081	2.1419	12.80
28	2.0059	1.9343	11.57
29	2.4112	2.3065	13.78
30	1.8992	1.8135	10.85
31	2.0505	1.9609	11.73
32	2.1301	1.9324	11.56
33	1.3661	1.2560	7.55
34	2.4765	2.3552	14.07
35	2.2328	2.0938	12.51
36	2.2397	2.0739	12.40
37	2.2878	2.1593	12.90
38	2.4625	2.3844	14.24
39	2.4853	2.4203	14.45
40	2.4795	2.4196	14.45
41	2.4112	2.3518	14.04
42	2.4354	2.3777	14.20
43	2.4495	2.3927	14.29
44	2.4227	2.3648	14.12
45	2.4152	2.3577	14.08
46	2.4009	2.3435	14.00
47	2.4126	2.3551	14.06
48	2.3970	2.3387	13.97
49	2.3920	2.3329	13.93
50	2.4426	2.3839	14.23
51	2.3191	2.2557	13.47
52	2.3094	2.2434	13.40
53	2.4168	2.3553	14.06
54	1.4415	1.3437	8.07
55	1.7869	1.6944	10.15
56	2.3228	2.2470	13.42
57	2.4811	2.4158	14.42
58	2.3606	2.2801	13.62
59	2.3484	2.2616	13.51
60	2.3227	2.2288	13.31
61	2.3137	2.2226	13.28
62	2.3958	2.3153	13.83
63	2.3814	2.2997	13.74
64	2.3580	2.2812	13.63
65	2.3666	2.2803	13.62
66	2.3221	2.2447	13.41
67	2.3205	2.2426	13.40
68	2.3487	2.2668	13.54
69	2.3072	2.2225	13.28
70	2.3069	2.2211	13.27
71	2.3562	2.2815	13.63
72	2.3996	2.3336	13.94
73	2.3851	2.3239	13.88
74	2.4132	2.3548	14.06
75	2.4251	2.3678	14.14
76	2.4083	2.3511	14.04
77	2.4130	2.3561	14.07
78	2.4183	2.3616	14.10
79	2.3940	2.3368	13.96
80	2.3923	2.3352	13.95
81	2.3632	2.3051	13.77
82	2.3799	2.3224	13.87
83	2.3830	2.3256	13.89
84	2.3892	2.3320	13.93
85	2.3845	2.3272	13.90
86	2.3829	2.3255	13.89
87	2.4091	2.3523	14.05
88	2.3960	2.3390	13.97
89	2.4013	2.3444	14.00
90	2.4008	2.3439	14.00
91	2.4001	2.3432	13.99
92	2.3661	2.3084	13.79
93	2.3938	2.3368	13.96
94	2.3737	2.3161	13.83
95	2.3751	2.3176	13.84
96	2.2429	2.1819	13.04
97	2.2122	2.1503	12.85
98	2.2181	2.1565	12.89
99	2.1674	2.1043	12.58
100	2.2490	2.1881	13.07
101	2.4771	2.4219	14.46
102	2.4600	2.4045	14.36
103	2.4905	2.4358	14.54
104	2.4645	2.4092	14.38
105	2.4871	2.4324	14.52
106	2.4684	2.4132	14.41
107	2.4851	2.4303	14.51
108	2.4700	2.4148	14.42
109	2.4685	2.4133	14.41
110	2.4807	2.4258	14.48
111	2.4498	2.3942	14.30
112	2.4543	2.3988	14.32
113	2.4536	2.3981	14.32
114	2.4300	2.3739	14.18
115	2.4137	2.3572	14.08
116	2.4375	2.3816	14.22
117	2.4273	2.3711	14.16
118	2.4228	2.3665	14.13
119	2.4027	2.3460	14.01
120	2.3910	2.3340	13.94
121	2.3998	2.3430	13.99
122	2.3726	2.3152	13.83
123	2.3164	2.2573	13.48
124	2.1137	2.0488	12.25
125	2.3350	2.2765	13.60
126	2.2867	2.2270	13.30
127	2.1541	2.0906	12.49
128	2.0999	2.0347	12.16
129	2.2379	2.1769	13.01
130	2.3647	2.3069	13.78
131	2.4745	2.4194	14.45
132	2.5062	2.4519	14.64
133	2.4777	2.4228	14.47
134	2.4615	2.4061	14.37
135	2.4634	2.4081	14.38
136	2.4639	2.4086	14.38
137	2.4493	2.3937	14.29
138	2.4654	2.4102	14.39
139	2.4416	2.3858	14.25
140	2.4350	2.3791	14.21
141	2.4164	2.3600	14.09
142	2.4393	2.3835	14.23
143	2.4425	2.3867	14.25
144	2.4472	2.3916	14.28
145	2.4252	2.3690	14.15
146	2.4296	2.3736	14.17
147	2.4276	2.3714	14.16
148	2.4318	2.3758	14.19
149	2.4331	2.3771	14.19
150	2.3314	2.2728	13.58
151	2.2065	2.1446	12.82
152	1.6490	1.5646	9.38
153	1.5574	1.4680	8.80
154	1.8058	1.7292	10.35
155	1.7797	1.7020	10.19
156	2.3531	2.2950	13.71
157	2.5421	2.4885	14.85
158	2.6824	2.6317	15.70
159	2.4333	2.3773	14.20
160	2.5172	2.4631	14.70
161	2.4826	2.4277	14.49
162	2.4992	2.4447	14.60
163	2.4951	2.4405	14.57
164	2.4815	2.4266	14.49
165	2.4748	2.4197	14.45
166	2.5120	2.4579	14.67
167	2.4820	2.4272	14.49
168	2.4761	2.4211	14.46
169	2.4730	2.4179	14.44
170	2.4677	2.4125	14.40
171	2.4628	2.4075	14.37
172	2.4696	2.4145	14.42
173	2.4728	2.4177	14.44
174	2.4588	2.4034	14.35
175	2.4592	2.4038	14.35
176	2.4733	2.4182	14.44
177	2.4573	2.4019	14.34
178	2.4278	2.3716	14.16
179	2.4370	2.3811	14.22
180	2.4029	2.3461	14.01
181	2.3822	2.3250	13.89
182	2.3501	2.2921	13.69
183	2.3112	2.2521	13.45
184	2.2185	2.1569	12.89
185	2.1160	2.0513	12.26
186	2.3869	2.3297	13.91
187	2.4798	2.4249	14.48
188	2.5279	2.4741	14.77
189	2.4913	2.4366	14.55
190	2.5345	2.4808	14.81
191	2.5046	2.4502	14.63
192	2.4946	2.4400	14.57
193	2.4877	2.4330	14.53
194	2.4931	2.4385	14.56
195	2.4827	2.4279	14.50
196	2.4739	2.4188	14.44
197	2.4798	2.4249	14.48
198	2.4751	2.4201	14.45
199	2.4909	2.4363	14.55
200	2.4820	2.4272	14.49
