#Epoch	RMSE	MAE	MAPE(%)
1	0.9681	0.9625	1.21
2	0.1193	0.1182	0.15
3	0.0507	0.0500	0.06
4	0.0544	0.0531	0.07
5	0.0594	0.0579	0.07
6	0.0669	0.0653	0.08
7	0.0730	0.0714	0.09
8	0.0777	0.0760	0.10
9	0.0813	0.0795	0.10
10	0.0843	0.0825	0.10
11	0.0869	0.0850	0.11
12	0.0893	0.0873	0.11
13	0.0914	0.0894	0.11
14	0.0934	0.0914	0.12
15	0.0954	0.0934	0.12
16	0.0974	0.0953	0.12
17	0.0993	0.0973	0.12
18	0.1013	0.0993	0.13
19	0.1033	0.1013	0.13
20	0.1053	0.1034	0.13
21	0.1073	0.1055	0.13
22	0.1094	0.1076	0.14
23	0.1116	0.1098	0.14
24	0.1138	0.1121	0.14
25	0.1160	0.1144	0.14
26	0.1183	0.1167	0.15
27	0.1207	0.1191	0.15
28	0.1230	0.1216	0.15
29	0.1254	0.1240	0.16
30	0.1279	0.1265	0.16
31	0.1304	0.1290	0.16
32	0.1329	0.1316	0.17
33	0.1354	0.1341	0.17
34	0.1379	0.1367	0.17
35	0.1404	0.1392	0.18
36	0.1429	0.1417	0.18
37	0.1454	0.1442	0.18
38	0.1479	0.1468	0.19
39	0.1503	0.1492	0.19
40	0.1527	0.1516	0.19
41	0.1551	0.1540	0.19
42	0.1574	0.1563	0.20
43	0.1596	0.1585	0.20
44	0.1618	0.1607	0.20
45	0.1639	0.1628	0.21
46	0.1659	0.1649	0.21
47	0.1679	0.1669	0.21
48	0.1699	0.1688	0.21
49	0.1718	0.1707	0.22
50	0.1736	0.1725	0.22
51	0.1753	0.1742	0.22
52	0.1770	0.1759	0.22
53	0.1786	0.1775	0.22
54	0.1801	0.1791	0.23
55	0.1815	0.1804	0.23
56	0.1829	0.1818	0.23
57	0.1841	0.1831	0.23
58	0.1853	0.1842	0.23
59	0.1863	0.1852	0.23
60	0.1872	0.1862	0.23
61	0.1882	0.1872	0.24
62	0.1890	0.1880	0.24
63	0.1898	0.1889	0.24
64	0.1906	0.1896	0.24
65	0.1913	0.1904	0.24
66	0.1920	0.1911	0.24
67	0.1925	0.1917	0.24
68	0.1928	0.1919	0.24
69	0.1931	0.1923	0.24
70	0.1934	0.1926	0.24
71	0.1936	0.1929	0.24
72	0.1939	0.1932	0.24
73	0.1941	0.1934	0.24
74	0.1942	0.1935	0.24
75	0.1943	0.1936	0.24
76	0.1943	0.1937	0.24
77	0.1943	0.1937	0.24
78	0.1943	0.1937	0.24
79	0.1942	0.1936	0.24
80	0.1942	0.1937	0.24
81	0.1936	0.1931	0.24
82	0.1933	0.1927	0.24
83	0.1930	0.1925	0.24
84	0.1928	0.1923	0.24
85	0.1925	0.1920	0.24
86	0.1922	0.1917	0.24
87	0.1918	0.1914	0.24
88	0.1915	0.1910	0.24
89	0.1911	0.1906	0.24
90	0.1907	0.1902	0.24
91	0.1903	0.1898	0.24
92	0.1898	0.1893	0.24
93	0.1893	0.1889	0.24
94	0.1888	0.1884	0.24
95	0.1882	0.1877	0.24
96	0.1876	0.1872	0.24
97	0.1871	0.1867	0.24
98	0.1862	0.1858	0.23
99	0.1860	0.1856	0.23
100	0.1856	0.1852	0.23
101	0.1846	0.1843	0.23
102	0.1844	0.1840	0.23
103	0.1835	0.1831	0.23
104	0.1831	0.1827	0.23
105	0.1823	0.1819	0.23
106	0.1820	0.1817	0.23
107	0.1812	0.1809	0.23
108	0.1810	0.1806	0.23
109	0.1801	0.1798	0.23
110	0.1795	0.1792	0.23
111	0.1793	0.1790	0.23
112	0.1785	0.1781	0.22
113	0.1778	0.1775	0.22
114	0.1773	0.1770	0.22
115	0.1771	0.1768	0.22
116	0.1763	0.1760	0.22
117	0.1756	0.1753	0.22
118	0.1750	0.1747	0.22
119	0.1745	0.1742	0.22
120	0.1739	0.1736	0.22
121	0.1734	0.1731	0.22
122	0.1734	0.1731	0.22
123	0.1723	0.1720	0.22
124	0.1313	0.1311	0.17
125	0.1576	0.1574	0.20
126	0.1679	0.1677	0.21
127	0.1687	0.1684	0.21
128	0.1683	0.1681	0.21
129	0.1680	0.1678	0.21
130	0.1677	0.1675	0.21
131	0.1674	0.1672	0.21
132	0.1671	0.1668	0.21
133	0.1667	0.1665	0.21
134	0.1663	0.1661	0.21
135	0.1659	0.1657	0.21
136	0.1654	0.1653	0.21
137	0.1650	0.1648	0.21
138	0.1646	0.1644	0.21
139	0.1641	0.1640	0.21
140	0.1637	0.1635	0.21
141	0.1632	0.1631	0.21
142	0.1627	0.1625	0.21
143	0.1623	0.1621	0.20
144	0.1618	0.1617	0.20
145	0.1614	0.1613	0.20
146	0.1610	0.1609	0.20
147	0.1607	0.1606	0.20
148	0.1603	0.1601	0.20
149	0.1598	0.1596	0.20
150	0.1593	0.1592	0.20
151	0.1588	0.1587	0.20
152	0.1584	0.1583	0.20
153	0.1578	0.1577	0.20
154	0.1573	0.1572	0.20
155	0.1565	0.1564	0.20
156	0.1071	0.1070	0.14
157	0.1385	0.1385	0.17
158	0.1512	0.1511	0.19
159	0.1515	0.1515	0.19
160	0.1523	0.1522	0.19
161	0.1528	0.1527	0.19
162	0.1528	0.1527	0.19
163	0.1524	0.1523	0.19
164	0.1529	0.1528	0.19
165	0.1522	0.1521	0.19
166	0.1519	0.1519	0.19
167	0.1519	0.1519	0.19
168	0.1513	0.1512	0.19
169	0.1506	0.1506	0.19
170	0.1504	0.1503	0.19
171	0.1497	0.1497	0.19
172	0.1499	0.1499	0.19
173	0.1489	0.1488	0.19
174	0.1498	0.1498	0.19
175	0.1479	0.1479	0.19
176	0.1480	0.1480	0.19
177	0.1480	0.1479	0.19
178	0.1464	0.1464	0.18
179	0.1468	0.1468	0.19
180	0.1457	0.1456	0.18
181	0.1443	0.1443	0.18
182	0.1446	0.1446	0.18
183	0.1440	0.1440	0.18
184	0.1424	0.1424	0.18
185	0.1413	0.1413	0.18
186	0.1408	0.1408	0.18
187	0.1406	0.1405	0.18
188	0.1395	0.1395	0.18
189	0.1374	0.1374	0.17
190	0.1362	0.1362	0.17
191	0.1355	0.1354	0.17
192	0.1355	0.1354	0.17
193	0.1331	0.1331	0.17
194	0.1311	0.1311	0.17
195	0.1293	0.1292	0.16
196	0.1277	0.1276	0.16
197	0.1265	0.1264	0.16
198	0.1237	0.1237	0.16
199	0.1235	0.1234	0.16
200	0.1201	0.1200	0.15
