#Epoch	RMSE	MAE	MAPE(%)
1	0.7301	0.6116	3.60
2	1.3340	1.2985	7.64
3	0.8713	0.7795	4.59
4	1.1618	1.1003	6.47
5	1.4706	1.4151	8.32
6	0.9833	0.9640	5.67
7	1.0483	1.0327	6.07
8	0.9703	0.9347	5.50
9	0.4976	0.4752	2.80
10	0.2668	0.2561	1.51
11	0.4475	0.3783	2.23
12	0.8161	0.7160	4.21
13	0.2385	0.2200	1.29
14	0.5211	0.4363	2.57
15	0.2585	0.2526	1.49
16	0.3068	0.2415	1.42
17	0.6269	0.5863	3.45
18	0.4558	0.4033	2.37
19	0.2982	0.2894	1.70
20	0.3296	0.2937	1.73
21	0.3172	0.2750	1.62
22	0.3282	0.3215	1.89
23	0.6336	0.5784	3.40
24	0.6173	0.5721	3.37
25	0.4011	0.3446	2.03
26	0.4024	0.3550	2.09
27	0.4045	0.3697	2.17
28	0.2884	0.2343	1.38
29	0.0992	0.0866	0.51
30	0.4593	0.4589	2.70
31	0.4305	0.4054	2.38
32	0.4164	0.4092	2.41
33	0.5816	0.5594	3.29
34	0.6340	0.6302	3.71
35	0.6054	0.5979	3.52
36	0.4801	0.4729	2.78
37	0.6026	0.5999	3.53
38	0.5476	0.5330	3.14
39	0.6079	0.5972	3.51
40	0.5997	0.5822	3.42
41	0.6414	0.6283	3.70
42	0.6826	0.6666	3.92
43	0.6759	0.6680	3.93
44	0.5200	0.5064	2.98
45	0.6601	0.6537	3.85
46	0.6429	0.6340	3.73
47	0.6566	0.6514	3.83
48	0.6184	0.6140	3.61
49	0.6651	0.6632	3.90
50	0.5527	0.5474	3.22
51	0.5952	0.5918	3.48
52	0.5557	0.5520	3.25
53	0.6099	0.6082	3.58
54	0.6087	0.6040	3.55
55	0.6971	0.6927	4.07
56	0.6136	0.6092	3.58
57	0.6582	0.6566	3.86
58	0.5682	0.5641	3.32
59	1.4039	1.4026	8.25
60	0.9848	0.9818	5.78
61	1.2558	1.2487	7.35
62	0.7625	0.7590	4.46
63	0.6776	0.6767	3.98
64	0.7078	0.7057	4.15
65	0.6361	0.6358	3.74
66	0.6895	0.6878	4.05
67	0.6671	0.6655	3.91
68	0.6657	0.6634	3.90
69	0.5998	0.5985	3.52
70	0.5838	0.5825	3.43
71	0.5925	0.5918	3.48
72	0.6869	0.6861	4.04
73	0.7273	0.7260	4.27
74	0.6890	0.6882	4.05
75	0.7098	0.7084	4.17
76	0.6300	0.6283	3.70
77	0.6930	0.6920	4.07
78	0.5514	0.5494	3.23
79	0.7587	0.7566	4.45
80	0.5702	0.5690	3.35
81	0.5761	0.5750	3.38
82	0.5113	0.5107	3.00
83	0.6464	0.6454	3.80
84	0.4409	0.4405	2.59
85	0.6464	0.6446	3.79
86	0.4556	0.4544	2.67
87	0.6122	0.6100	3.59
88	0.5820	0.5813	3.42
89	0.6511	0.6495	3.82
90	0.6766	0.6746	3.97
91	0.6338	0.6326	3.72
92	0.6295	0.6262	3.68
93	0.5659	0.5654	3.33
94	0.6514	0.6463	3.80
95	0.5756	0.5726	3.37
96	0.5485	0.5466	3.22
97	0.6167	0.6120	3.60
98	0.5413	0.5373	3.16
99	0.5647	0.5601	3.29
100	0.5633	0.5512	3.24
101	0.4032	0.3987	2.35
102	0.6149	0.6109	3.59
103	0.6317	0.6275	3.69
104	0.6404	0.6365	3.74
105	0.6275	0.6240	3.67
106	0.5863	0.5845	3.44
107	0.5592	0.5563	3.27
108	0.5521	0.5490	3.23
109	0.6073	0.6054	3.56
110	0.6010	0.5987	3.52
111	0.5606	0.5570	3.28
112	0.6339	0.6313	3.71
113	0.5992	0.5975	3.51
114	0.5954	0.5940	3.49
115	0.5908	0.5885	3.46
116	0.6218	0.6177	3.63
117	0.6590	0.6562	3.86
118	0.6127	0.6107	3.59
119	0.6122	0.6091	3.58
120	0.6329	0.6310	3.71
121	0.6247	0.6215	3.66
122	0.5944	0.5922	3.48
123	0.6156	0.6142	3.61
124	0.5771	0.5752	3.38
125	0.5897	0.5880	3.46
126	0.6154	0.6132	3.61
127	0.5952	0.5935	3.49
128	0.5755	0.5741	3.38
129	0.6252	0.6241	3.67
130	0.5805	0.5788	3.40
131	0.6820	0.6809	4.01
132	0.5813	0.5794	3.41
133	0.6093	0.6077	3.57
134	0.5544	0.5524	3.25
135	0.6448	0.6429	3.78
136	0.6182	0.6164	3.63
137	0.6381	0.6370	3.75
138	0.5693	0.5676	3.34
139	0.6124	0.6106	3.59
140	0.6083	0.6062	3.57
141	0.5975	0.5959	3.51
142	0.5603	0.5580	3.28
143	0.5514	0.5495	3.23
144	0.5743	0.5724	3.37
145	0.5444	0.5427	3.19
146	0.5690	0.5666	3.33
147	0.6071	0.6050	3.56
148	0.5556	0.5531	3.25
149	0.5626	0.5597	3.29
150	0.6109	0.6085	3.58
151	0.5684	0.5658	3.33
152	0.5872	0.5845	3.44
153	0.5514	0.5487	3.23
154	0.5703	0.5687	3.35
155	0.5775	0.5762	3.39
156	0.5349	0.5332	3.14
157	0.5337	0.5322	3.13
158	0.5504	0.5485	3.23
159	0.5417	0.5395	3.17
160	0.5891	0.5872	3.45
161	0.5889	0.5867	3.45
162	0.5339	0.5317	3.13
163	0.5091	0.5075	2.99
164	0.5410	0.5390	3.17
165	0.5561	0.5543	3.26
166	0.5655	0.5637	3.32
167	0.5179	0.5150	3.03
168	0.5441	0.5422	3.19
169	0.5093	0.5072	2.98
170	0.5648	0.5628	3.31
171	0.5486	0.5464	3.21
172	0.5395	0.5373	3.16
173	0.5496	0.5478	3.22
174	0.5554	0.5535	3.26
175	0.5057	0.5039	2.96
176	0.4934	0.4908	2.89
177	0.5446	0.5418	3.19
178	0.5862	0.5842	3.44
179	0.5378	0.5355	3.15
180	0.4857	0.4830	2.84
181	0.5039	0.5010	2.95
182	0.5347	0.5319	3.13
183	0.4890	0.4872	2.87
184	0.5204	0.5190	3.05
185	0.4760	0.4742	2.79
186	0.4552	0.4541	2.67
187	0.5124	0.5112	3.01
188	0.4534	0.4518	2.66
189	0.4889	0.4869	2.86
190	0.4535	0.4511	2.65
191	0.4697	0.4665	2.74
192	0.5171	0.5140	3.02
193	0.5309	0.5284	3.11
194	0.4645	0.4616	2.72
195	0.5258	0.5224	3.07
196	0.4570	0.4542	2.67
197	0.4303	0.4263	2.51
198	0.4673	0.4645	2.73
199	0.4778	0.4752	2.80
200	0.4698	0.4679	2.75
