#Epoch	RMSE	MAE	MAPE(%)
1	0.0871	0.0868	0.61
2	0.0332	0.0331	0.23
3	0.0069	0.0066	0.05
4	0.0201	0.0200	0.14
5	0.0211	0.0211	0.15
6	0.0262	0.0261	0.18
7	0.0308	0.0307	0.22
8	0.0345	0.0344	0.24
9	0.0357	0.0356	0.25
10	0.0332	0.0331	0.23
11	0.0276	0.0276	0.20
12	0.0224	0.0223	0.16
13	0.0190	0.0190	0.13
14	0.0166	0.0166	0.12
15	0.0143	0.0143	0.10
16	0.0120	0.0120	0.08
17	0.0098	0.0098	0.07
18	0.0077	0.0077	0.05
19	0.0059	0.0059	0.04
20	0.0044	0.0044	0.03
21	0.0035	0.0034	0.02
22	0.0029	0.0029	0.02
23	0.0027	0.0026	0.02
24	0.0027	0.0027	0.02
25	0.0028	0.0027	0.02
26	0.0028	0.0028	0.02
27	0.0028	0.0028	0.02
28	0.0028	0.0028	0.02
29	0.0025	0.0024	0.02
30	0.0018	0.0017	0.01
31	0.0013	0.0012	0.01
32	0.0010	0.0008	0.01
33	0.0008	0.0007	0.00
34	0.0009	0.0008	0.01
35	0.0015	0.0012	0.01
36	0.0023	0.0021	0.01
37	0.0032	0.0030	0.02
38	0.0037	0.0036	0.03
39	0.0044	0.0043	0.03
40	0.0054	0.0053	0.04
41	0.0066	0.0065	0.05
42	0.0078	0.0077	0.05
43	0.0090	0.0089	0.06
44	0.0100	0.0098	0.07
45	0.0109	0.0107	0.08
46	0.0110	0.0109	0.08
47	0.0114	0.0112	0.08
48	0.0120	0.0118	0.08
49	0.0128	0.0126	0.09
50	0.0134	0.0133	0.09
51	0.0137	0.0136	0.10
52	0.0137	0.0136	0.10
53	0.0146	0.0145	0.10
54	0.0143	0.0141	0.10
55	0.0135	0.0133	0.09
56	0.0135	0.0133	0.09
57	0.0140	0.0138	0.10
58	0.0142	0.0140	0.10
59	0.0143	0.0141	0.10
60	0.0141	0.0138	0.10
61	0.0143	0.0141	0.10
62	0.0140	0.0137	0.10
63	0.0145	0.0142	0.10
64	0.0142	0.0139	0.10
65	0.0144	0.0141	0.10
66	0.0142	0.0138	0.10
67	0.0141	0.0137	0.10
68	0.0140	0.0136	0.10
69	0.0140	0.0136	0.10
70	0.0137	0.0133	0.09
71	0.0128	0.0123	0.09
72	0.0140	0.0136	0.10
73	0.0120	0.0115	0.08
74	0.0137	0.0133	0.09
75	0.0120	0.0115	0.08
76	0.0138	0.0133	0.09
77	0.0116	0.0111	0.08
78	0.0137	0.0132	0.09
79	0.0112	0.0107	0.08
80	0.0135	0.0130	0.09
81	0.0110	0.0104	0.07
82	0.0134	0.0128	0.09
83	0.0108	0.0103	0.07
84	0.0133	0.0128	0.09
85	0.0112	0.0106	0.08
86	0.0129	0.0124	0.09
87	0.0104	0.0099	0.07
88	0.0134	0.0128	0.09
89	0.0115	0.0109	0.08
90	0.0122	0.0117	0.08
91	0.0103	0.0097	0.07
92	0.0129	0.0124	0.09
93	0.0106	0.0100	0.07
94	0.0129	0.0123	0.09
95	0.0107	0.0100	0.07
96	0.0119	0.0113	0.08
97	0.0095	0.0089	0.06
98	0.0127	0.0122	0.09
99	0.0107	0.0101	0.07
100	0.0125	0.0119	0.08
101	0.0111	0.0105	0.07
102	0.0119	0.0113	0.08
103	0.0096	0.0090	0.06
104	0.0127	0.0121	0.09
105	0.0114	0.0108	0.08
106	0.0117	0.0110	0.08
107	0.0097	0.0090	0.06
108	0.0126	0.0121	0.09
109	0.0115	0.0109	0.08
110	0.0115	0.0108	0.08
111	0.0096	0.0089	0.06
112	0.0126	0.0120	0.09
113	0.0103	0.0097	0.07
114	0.0119	0.0113	0.08
115	0.0108	0.0103	0.07
116	0.0121	0.0115	0.08
117	0.0103	0.0097	0.07
118	0.0121	0.0114	0.08
119	0.0104	0.0099	0.07
120	0.0120	0.0114	0.08
121	0.0106	0.0100	0.07
122	0.0121	0.0115	0.08
123	0.0101	0.0096	0.07
124	0.0119	0.0114	0.08
125	0.0104	0.0098	0.07
126	0.0120	0.0114	0.08
127	0.0101	0.0095	0.07
128	0.0120	0.0114	0.08
129	0.0104	0.0099	0.07
130	0.0119	0.0113	0.08
131	0.0101	0.0095	0.07
132	0.0121	0.0115	0.08
133	0.0100	0.0095	0.07
134	0.0121	0.0116	0.08
135	0.0104	0.0099	0.07
136	0.0119	0.0114	0.08
137	0.0103	0.0098	0.07
138	0.0122	0.0117	0.08
139	0.0103	0.0098	0.07
140	0.0122	0.0117	0.08
141	0.0108	0.0103	0.07
142	0.0120	0.0115	0.08
143	0.0105	0.0100	0.07
144	0.0122	0.0117	0.08
145	0.0104	0.0099	0.07
146	0.0123	0.0118	0.08
147	0.0106	0.0102	0.07
148	0.0121	0.0116	0.08
149	0.0105	0.0100	0.07
150	0.0123	0.0118	0.08
151	0.0103	0.0099	0.07
152	0.0124	0.0119	0.08
153	0.0102	0.0098	0.07
154	0.0124	0.0119	0.08
155	0.0108	0.0102	0.07
156	0.0112	0.0108	0.08
157	0.0083	0.0079	0.06
158	0.0112	0.0107	0.08
159	0.0135	0.0130	0.09
160	0.0080	0.0076	0.05
161	0.0116	0.0112	0.08
162	0.0124	0.0121	0.09
163	0.0116	0.0112	0.08
164	0.0109	0.0105	0.07
165	0.0114	0.0110	0.08
166	0.0096	0.0093	0.07
167	0.0114	0.0111	0.08
168	0.0130	0.0126	0.09
169	0.0114	0.0110	0.08
170	0.0099	0.0094	0.07
171	0.0110	0.0106	0.08
172	0.0089	0.0086	0.06
173	0.0113	0.0110	0.08
174	0.0122	0.0119	0.08
175	0.0116	0.0112	0.08
176	0.0105	0.0102	0.07
177	0.0111	0.0107	0.08
178	0.0110	0.0107	0.08
179	0.0111	0.0108	0.08
180	0.0108	0.0105	0.07
181	0.0114	0.0110	0.08
182	0.0106	0.0103	0.07
183	0.0103	0.0099	0.07
184	0.0105	0.0102	0.07
185	0.0106	0.0103	0.07
186	0.0122	0.0119	0.08
187	0.0097	0.0094	0.07
188	0.0094	0.0091	0.06
189	0.0110	0.0107	0.08
190	0.0120	0.0117	0.08
191	0.0100	0.0097	0.07
192	0.0093	0.0091	0.06
193	0.0104	0.0101	0.07
194	0.0111	0.0108	0.08
195	0.0096	0.0093	0.07
196	0.0105	0.0103	0.07
197	0.0096	0.0094	0.07
198	0.0108	0.0106	0.08
199	0.0091	0.0089	0.06
200	0.0112	0.0110	0.08
