#Epoch	RMSE	MAE	MAPE(%)
1	0.5364	0.5068	5.71
2	0.4426	0.4112	4.63
3	0.5421	0.5128	5.78
4	0.5016	0.4730	5.33
5	0.4822	0.4539	5.12
6	0.4593	0.4310	4.86
7	0.4346	0.4062	4.58
8	0.4086	0.3798	4.28
9	0.3823	0.3527	3.97
10	0.3555	0.3247	3.66
11	0.3289	0.2964	3.33
12	0.3037	0.2694	3.03
13	0.2807	0.2447	2.75
14	0.2598	0.2228	2.50
15	0.2422	0.2044	2.29
16	0.2284	0.1900	2.12
17	0.2179	0.1790	2.00
18	0.2099	0.1707	1.90
19	0.2037	0.1644	1.83
20	0.1987	0.1596	1.78
21	0.1945	0.1556	1.73
22	0.1912	0.1528	1.70
23	0.1882	0.1503	1.67
24	0.1854	0.1481	1.65
25	0.1828	0.1460	1.62
26	0.1803	0.1441	1.60
27	0.1780	0.1423	1.58
28	0.1759	0.1407	1.56
29	0.1739	0.1392	1.55
30	0.1721	0.1378	1.53
31	0.1704	0.1364	1.52
32	0.1691	0.1357	1.51
33	0.1681	0.1351	1.50
34	0.1666	0.1339	1.49
35	0.1657	0.1334	1.48
36	0.1649	0.1329	1.48
37	0.1637	0.1319	1.47
38	0.1630	0.1313	1.46
39	0.1623	0.1309	1.46
40	0.1614	0.1301	1.45
41	0.1605	0.1293	1.44
42	0.1599	0.1288	1.43
43	0.1589	0.1278	1.42
44	0.1582	0.1272	1.42
45	0.1572	0.1263	1.41
46	0.1562	0.1253	1.39
47	0.1553	0.1244	1.38
48	0.1542	0.1233	1.37
49	0.1531	0.1222	1.36
50	0.1521	0.1212	1.35
51	0.1507	0.1197	1.33
52	0.1496	0.1185	1.32
53	0.1484	0.1173	1.30
54	0.1470	0.1159	1.29
55	0.1457	0.1145	1.27
56	0.1443	0.1130	1.26
57	0.1430	0.1117	1.24
58	0.1415	0.1101	1.22
59	0.1400	0.1083	1.20
60	0.1386	0.1068	1.19
61	0.1371	0.1052	1.17
62	0.1356	0.1035	1.15
63	0.1342	0.1019	1.13
64	0.1328	0.1001	1.11
65	0.1314	0.0985	1.09
66	0.1301	0.0970	1.07
67	0.1287	0.0953	1.05
68	0.1273	0.0935	1.03
69	0.1260	0.0917	1.01
70	0.1247	0.0901	0.99
71	0.1235	0.0884	0.98
72	0.1224	0.0868	0.96
73	0.1213	0.0853	0.94
74	0.1203	0.0838	0.92
75	0.1193	0.0824	0.91
76	0.1184	0.0811	0.89
77	0.1176	0.0798	0.88
78	0.1168	0.0786	0.86
79	0.1161	0.0775	0.85
80	0.1154	0.0763	0.84
81	0.1148	0.0754	0.83
82	0.1143	0.0747	0.82
83	0.1138	0.0740	0.81
84	0.1134	0.0735	0.81
85	0.1130	0.0730	0.80
86	0.1127	0.0726	0.80
87	0.1124	0.0724	0.79
88	0.1122	0.0722	0.79
89	0.1119	0.0722	0.79
90	0.1117	0.0721	0.79
91	0.1115	0.0721	0.79
92	0.1114	0.0720	0.79
93	0.1112	0.0721	0.79
94	0.1111	0.0721	0.79
95	0.1110	0.0721	0.79
96	0.1109	0.0722	0.79
97	0.1108	0.0722	0.79
98	0.1107	0.0723	0.79
99	0.1106	0.0723	0.79
100	0.1106	0.0724	0.79
101	0.1105	0.0724	0.79
102	0.1104	0.0724	0.79
103	0.1103	0.0724	0.80
104	0.1103	0.0724	0.80
105	0.1102	0.0724	0.80
106	0.1101	0.0725	0.80
107	0.1101	0.0725	0.80
108	0.1100	0.0726	0.80
109	0.1101	0.0727	0.80
110	0.1100	0.0727	0.80
111	0.1100	0.0728	0.80
112	0.1100	0.0728	0.80
113	0.1100	0.0729	0.80
114	0.1100	0.0730	0.80
115	0.1100	0.0730	0.80
116	0.1100	0.0730	0.80
117	0.1100	0.0730	0.80
118	0.1100	0.0731	0.80
119	0.1101	0.0732	0.81
120	0.1100	0.0732	0.81
121	0.1101	0.0732	0.81
122	0.1101	0.0733	0.81
123	0.1101	0.0734	0.81
124	0.1101	0.0734	0.81
125	0.1102	0.0735	0.81
126	0.1103	0.0736	0.81
127	0.1102	0.0736	0.81
128	0.1103	0.0737	0.81
129	0.1103	0.0738	0.81
130	0.1104	0.0739	0.82
131	0.1105	0.0740	0.82
132	0.1105	0.0741	0.82
133	0.1106	0.0742	0.82
134	0.1107	0.0743	0.82
135	0.1107	0.0744	0.82
136	0.1108	0.0746	0.82
137	0.1109	0.0747	0.82
138	0.1110	0.0748	0.83
139	0.1111	0.0749	0.83
140	0.1111	0.0750	0.83
141	0.1113	0.0752	0.83
142	0.1114	0.0753	0.83
143	0.1114	0.0754	0.83
144	0.1115	0.0755	0.84
145	0.1116	0.0757	0.84
146	0.1117	0.0758	0.84
147	0.1118	0.0759	0.84
148	0.1119	0.0760	0.84
149	0.1120	0.0761	0.84
150	0.1122	0.0762	0.84
151	0.1123	0.0764	0.85
152	0.1124	0.0764	0.85
153	0.1125	0.0766	0.85
154	0.1126	0.0767	0.85
155	0.1127	0.0768	0.85
156	0.1128	0.0769	0.85
157	0.1129	0.0770	0.85
158	0.1130	0.0771	0.86
159	0.1131	0.0773	0.86
160	0.1132	0.0774	0.86
161	0.1134	0.0775	0.86
162	0.1135	0.0777	0.86
163	0.1137	0.0778	0.86
164	0.1138	0.0780	0.87
165	0.1139	0.0781	0.87
166	0.1141	0.0783	0.87
167	0.1142	0.0784	0.87
168	0.1143	0.0786	0.87
169	0.1144	0.0786	0.87
170	0.1146	0.0788	0.88
171	0.1147	0.0790	0.88
172	0.1149	0.0792	0.88
173	0.1150	0.0794	0.88
174	0.1151	0.0794	0.88
175	0.1152	0.0796	0.89
176	0.1154	0.0798	0.89
177	0.1155	0.0800	0.89
178	0.1157	0.0802	0.89
179	0.1157	0.0802	0.89
180	0.1158	0.0804	0.89
181	0.1160	0.0805	0.90
182	0.1161	0.0807	0.90
183	0.1162	0.0808	0.90
184	0.1162	0.0808	0.90
185	0.1163	0.0809	0.90
186	0.1164	0.0811	0.90
187	0.1165	0.0813	0.90
188	0.1166	0.0813	0.91
189	0.1166	0.0813	0.91
190	0.1166	0.0814	0.91
191	0.1167	0.0816	0.91
192	0.1168	0.0817	0.91
193	0.1169	0.0820	0.91
194	0.1170	0.0820	0.91
195	0.1169	0.0820	0.91
196	0.1171	0.0823	0.92
197	0.1172	0.0824	0.92
198	0.1173	0.0827	0.92
199	0.1174	0.0828	0.92
200	0.1175	0.0830	0.93
