#Epoch	RMSE	MAE	MAPE(%)
1	1.1414	1.0138	17.64
2	1.0735	0.9796	17.23
3	0.3774	0.2697	4.64
4	0.3073	0.2613	4.58
5	0.2269	0.1768	3.03
6	0.2266	0.1821	3.13
7	0.2544	0.2207	3.86
8	0.2591	0.2282	4.01
9	0.2414	0.2136	3.76
10	0.2742	0.2470	4.41
11	0.2727	0.2477	4.44
12	0.2549	0.2326	4.17
13	0.2482	0.2260	4.05
14	0.2750	0.2532	4.57
15	0.1969	0.1757	3.12
16	0.2367	0.2153	3.86
17	0.2341	0.2112	3.77
18	0.2417	0.2190	3.92
19	0.2040	0.1818	3.23
20	0.2263	0.2030	3.62
21	0.2081	0.1854	3.29
22	0.2676	0.2442	4.36
23	0.2025	0.1781	3.15
24	0.2172	0.1898	3.35
25	0.2119	0.1797	3.16
26	0.1775	0.1447	2.53
27	0.2204	0.1876	3.29
28	0.1623	0.1335	2.32
29	0.1564	0.1301	2.25
30	0.2036	0.1734	3.02
31	0.3017	0.2715	4.80
32	0.3660	0.3334	5.89
33	0.3728	0.3397	6.01
34	0.1594	0.1275	2.19
35	0.1405	0.1159	2.02
36	0.1999	0.1621	2.79
37	0.3205	0.2824	4.95
38	0.2721	0.2311	4.02
39	0.2587	0.2165	3.75
40	0.3909	0.3505	6.15
41	0.2577	0.2146	3.71
42	0.1977	0.1563	2.69
43	0.1862	0.1504	2.59
44	0.2078	0.1657	2.84
45	0.2150	0.1720	2.94
46	0.1288	0.1079	1.90
47	0.3493	0.3228	5.75
48	0.1783	0.1537	2.69
49	0.2320	0.2017	3.53
50	0.2643	0.2303	4.03
51	0.2763	0.2403	4.20
52	0.2241	0.1865	3.22
53	0.1366	0.1141	1.98
54	0.2080	0.1679	2.88
55	0.3161	0.2722	4.74
56	0.2365	0.1941	3.34
57	0.2333	0.1877	3.23
58	0.2124	0.1714	2.95
59	0.3319	0.2838	4.95
60	0.3071	0.2580	4.48
61	0.2863	0.2426	4.20
62	0.3839	0.3405	5.95
63	0.3160	0.2703	4.69
64	0.2410	0.1925	3.30
65	0.1321	0.1125	2.01
66	0.1736	0.1434	2.49
67	0.2497	0.1983	3.39
68	0.3019	0.2491	4.29
69	0.3160	0.2622	4.51
70	0.2471	0.1952	3.33
71	0.2766	0.2216	3.78
72	0.2571	0.2031	3.46
73	0.3329	0.2729	4.67
74	0.3008	0.2421	4.13
75	0.2833	0.2249	3.83
76	0.2552	0.2004	3.41
77	0.3483	0.2865	4.90
78	0.3215	0.2597	4.43
79	0.3764	0.3174	5.46
80	0.2788	0.2201	3.74
81	0.2402	0.1892	3.21
82	0.3630	0.3227	5.64
83	0.4204	0.3734	6.51
84	0.3400	0.2896	5.01
85	0.2886	0.2330	3.98
86	0.2737	0.2186	3.72
87	0.3665	0.3132	5.41
88	0.3267	0.2703	4.63
89	0.3331	0.2770	4.75
90	0.3759	0.3199	5.52
91	0.3100	0.2514	4.31
92	0.2226	0.1758	3.01
93	0.2137	0.1706	2.93
94	0.2377	0.1876	3.21
95	0.3261	0.2638	4.50
96	0.2583	0.2018	3.42
97	0.2044	0.1614	2.74
98	0.3452	0.3031	5.28
99	0.2306	0.1931	3.33
100	0.3567	0.3282	5.81
101	0.3634	0.3236	5.67
102	0.3094	0.2616	4.53
103	0.2132	0.1692	2.89
104	0.3201	0.2666	4.59
105	0.2556	0.2025	3.45
106	0.3399	0.2821	4.84
107	0.3073	0.2516	4.31
108	0.3193	0.2610	4.46
109	0.4101	0.3529	6.10
110	0.3047	0.2461	4.21
111	0.2826	0.2234	3.81
112	0.2991	0.2386	4.06
113	0.3401	0.2785	4.76
114	0.3841	0.3272	5.64
115	0.2706	0.2141	3.64
116	0.3164	0.2707	4.68
117	0.3742	0.3303	5.76
118	0.3016	0.2578	4.47
119	0.2690	0.2255	3.89
120	0.2692	0.2298	3.99
121	0.2647	0.2247	3.89
122	0.2554	0.2239	3.91
123	0.2417	0.2172	3.83
124	0.2504	0.2281	4.04
125	0.3397	0.3127	5.54
126	0.2704	0.2356	4.12
127	0.1349	0.1130	1.97
128	0.2447	0.1978	3.39
129	0.2140	0.1709	2.92
130	0.3047	0.2597	4.49
131	0.2435	0.1983	3.40
132	0.2179	0.1735	2.95
133	0.2591	0.2165	3.73
134	0.2239	0.1832	3.14
135	0.3783	0.3443	6.06
136	0.1868	0.1507	2.58
137	0.2965	0.2567	4.46
138	0.2150	0.1784	3.07
139	0.1783	0.1432	2.44
140	0.2146	0.1836	3.20
141	0.1559	0.1290	2.22
142	0.0965	0.0714	1.24
143	0.1997	0.1847	3.31
144	0.1721	0.1573	2.81
145	0.1768	0.1593	2.83
146	0.1953	0.1734	3.06
147	0.2027	0.1735	3.04
148	0.1895	0.1546	2.68
149	0.2203	0.1818	3.16
150	0.1812	0.1465	2.54
151	0.1994	0.1597	2.78
152	0.1893	0.1512	2.64
153	0.2168	0.1726	2.99
154	0.2835	0.2285	3.95
155	0.2321	0.1818	3.16
156	0.1903	0.1489	2.61
157	0.3151	0.2504	4.30
158	0.2458	0.1922	3.30
159	0.2317	0.1811	3.09
160	0.2095	0.1671	2.86
161	0.2874	0.2336	4.02
162	0.3488	0.2999	5.20
163	0.2699	0.2213	3.80
164	0.1982	0.1567	2.67
165	0.1744	0.1411	2.42
166	0.1271	0.1072	1.87
167	0.2926	0.2816	5.12
168	0.1317	0.1107	1.95
169	0.1691	0.1427	2.51
170	0.1338	0.1056	1.83
171	0.1966	0.1624	2.82
172	0.1916	0.1532	2.64
173	0.1989	0.1585	2.72
174	0.2145	0.1700	2.91
175	0.1992	0.1587	2.72
176	0.2188	0.1800	3.11
177	0.1135	0.0907	1.56
178	0.1984	0.1823	3.25
179	0.1736	0.1542	2.74
180	0.1260	0.0997	1.73
181	0.1323	0.1052	1.82
182	0.1009	0.0755	1.31
183	0.2373	0.2169	3.87
184	0.2045	0.1765	3.12
185	0.1345	0.1052	1.81
186	0.1871	0.1530	2.64
187	0.1382	0.1106	1.90
188	0.1727	0.1468	2.57
189	0.2119	0.1916	3.41
190	0.1056	0.0731	1.30
191	0.1074	0.0843	1.47
192	0.1197	0.0982	1.75
193	0.1139	0.0683	1.18
194	0.1291	0.0938	1.68
195	0.1239	0.0788	1.34
196	0.1237	0.0918	1.63
197	0.1139	0.0780	1.34
198	0.1688	0.1468	2.62
199	0.1106	0.0810	1.40
200	0.2178	0.1913	3.38
