#Epoch	RMSE	MAE	MAPE(%)
1	0.5012	0.3061	2.59
2	0.5138	0.3072	2.59
3	0.4931	0.3455	2.96
4	0.5262	0.2667	2.21
5	0.5476	0.2986	2.49
6	0.4972	0.2467	2.04
7	0.5960	0.3645	3.06
8	0.5539	0.3169	2.65
9	0.5165	0.2526	2.08
10	0.4878	0.3547	3.03
11	0.5463	0.2927	2.43
12	0.5562	0.3147	2.63
13	0.7901	0.6317	5.42
14	0.7603	0.6080	5.21
15	0.7069	0.5479	4.69
16	0.7003	0.5530	4.74
17	0.6276	0.4894	4.20
18	0.6545	0.4809	4.10
19	0.5337	0.3261	2.74
20	0.4465	0.2839	2.40
21	0.6071	0.4007	3.39
22	0.4914	0.2928	2.46
23	0.5472	0.3752	3.19
24	0.4892	0.3192	2.71
25	0.5234	0.3462	2.93
26	0.4779	0.3667	3.14
27	0.5343	0.3600	3.05
28	0.4992	0.3490	2.97
29	0.4866	0.3572	3.04
30	0.5026	0.3796	3.24
31	0.4536	0.3455	2.96
32	0.4584	0.3564	3.06
33	0.5152	0.3571	3.03
34	0.5222	0.4071	3.49
35	0.4777	0.3726	3.19
36	0.5038	0.3856	3.30
37	0.4880	0.3619	3.09
38	0.4458	0.3446	2.96
39	0.4929	0.3299	2.79
40	0.4644	0.3637	3.12
41	0.4391	0.3339	2.86
42	0.5055	0.3814	3.26
43	0.4353	0.3483	3.00
44	0.5120	0.3628	3.08
45	0.4390	0.3488	3.00
46	0.3885	0.3031	2.60
47	0.4164	0.3044	2.60
48	0.4808	0.3335	2.83
49	0.4426	0.3475	2.98
50	0.4247	0.3256	2.79
51	0.4516	0.3383	2.89
52	0.4903	0.3398	2.88
53	0.4147	0.3225	2.77
54	0.4292	0.2830	2.39
55	0.4226	0.3164	2.71
56	0.4832	0.3479	2.96
57	0.4148	0.3300	2.84
58	0.4438	0.3147	2.68
59	0.3240	0.2367	2.03
60	0.2412	0.1639	1.40
61	0.3380	0.1861	1.56
62	0.3250	0.2444	2.11
63	0.3374	0.2329	1.98
64	0.3596	0.2682	2.30
65	0.4236	0.2882	2.44
66	0.3924	0.3076	2.65
67	0.4294	0.2869	2.43
68	0.3535	0.2789	2.40
69	0.4044	0.2707	2.29
70	0.3924	0.3066	2.64
71	0.3743	0.2402	2.03
72	0.3281	0.2537	2.19
73	0.3447	0.2265	1.92
74	0.3898	0.2885	2.47
75	0.3870	0.2770	2.36
76	0.3557	0.2640	2.27
77	0.2721	0.2044	1.75
78	0.3940	0.2913	2.49
79	0.4463	0.3255	2.77
80	0.3428	0.2662	2.29
81	0.3570	0.2469	2.10
82	0.3911	0.2747	2.34
83	0.3300	0.2616	2.26
84	0.2802	0.1948	1.66
85	0.3489	0.2540	2.17
86	0.3567	0.2685	2.30
87	0.3289	0.2481	2.13
88	0.2835	0.2150	1.85
89	0.2571	0.2011	1.74
90	0.2775	0.2014	1.73
91	0.3531	0.2333	1.98
92	0.3083	0.2403	2.08
93	0.3088	0.2034	1.72
94	0.3412	0.2464	2.10
95	0.3534	0.2648	2.27
96	0.3560	0.2751	2.36
97	0.3318	0.2504	2.15
98	0.3070	0.2330	2.01
99	0.2771	0.2004	1.72
100	0.2998	0.2249	1.93
101	0.3133	0.2332	2.00
102	0.3409	0.2634	2.26
103	0.3375	0.2454	2.10
104	0.3790	0.2696	2.29
105	0.3249	0.2627	2.29
106	0.2946	0.1997	1.70
107	0.3532	0.2498	2.13
108	0.3224	0.2254	1.93
109	0.3287	0.2340	1.99
110	0.2926	0.2257	1.95
111	0.2458	0.1832	1.58
112	0.2902	0.2072	1.77
113	0.3470	0.2586	2.21
114	0.3233	0.2495	2.15
115	0.3088	0.2351	2.02
116	0.2971	0.2094	1.79
117	0.3195	0.2379	2.04
118	0.2885	0.2091	1.79
119	0.2990	0.2306	1.98
120	0.3067	0.2280	1.96
121	0.3191	0.1940	1.63
122	0.2687	0.1698	1.45
123	0.2812	0.2136	1.83
124	0.3335	0.2329	1.98
125	0.3085	0.2139	1.83
126	0.2906	0.2194	1.88
127	0.2512	0.1891	1.64
128	0.2615	0.2001	1.72
129	0.3264	0.2178	1.85
130	0.3871	0.2578	2.18
131	0.2550	0.1616	1.39
132	0.3384	0.2329	1.98
133	0.3430	0.2688	2.32
134	0.2710	0.1957	1.68
135	0.2755	0.1986	1.70
136	0.3121	0.2331	2.00
137	0.3132	0.2367	2.03
138	0.2760	0.2191	1.90
139	0.2961	0.2128	1.82
140	0.3402	0.2396	2.04
141	0.3191	0.2094	1.78
142	0.2685	0.2028	1.75
143	0.2461	0.1972	1.71
144	0.2500	0.1691	1.44
145	0.3151	0.2077	1.76
146	0.2963	0.2182	1.88
147	0.3017	0.1833	1.54
148	0.3143	0.2243	1.91
149	0.2664	0.1504	1.27
150	0.2139	0.1414	1.22
151	0.2520	0.1814	1.55
152	0.2953	0.2151	1.84
153	0.3461	0.2500	2.13
154	0.3271	0.2480	2.13
155	0.3054	0.2366	2.05
156	0.3206	0.2241	1.91
157	0.3259	0.2509	2.16
158	0.2641	0.1701	1.44
159	0.2489	0.1735	1.49
160	0.2247	0.1676	1.45
161	0.2545	0.1770	1.51
162	0.3414	0.2269	1.92
163	0.3319	0.2415	2.07
164	0.2586	0.1556	1.31
165	0.2410	0.1621	1.39
166	0.2459	0.1729	1.48
167	0.2999	0.2158	1.85
168	0.3376	0.2429	2.07
169	0.3283	0.2378	2.03
170	0.2722	0.1918	1.65
171	0.2495	0.1787	1.53
172	0.2469	0.1723	1.48
173	0.2849	0.1981	1.69
174	0.3546	0.2270	1.92
175	0.2993	0.2162	1.86
176	0.2738	0.1499	1.25
177	0.3036	0.2052	1.75
178	0.2772	0.1973	1.70
179	0.2714	0.1751	1.48
180	0.2598	0.1702	1.45
181	0.2416	0.1601	1.37
182	0.2537	0.1741	1.49
183	0.3047	0.2206	1.89
184	0.3177	0.2325	1.99
185	0.2846	0.2152	1.85
186	0.2554	0.1822	1.57
187	0.2676	0.1796	1.53
188	0.3199	0.2142	1.82
189	0.3095	0.2057	1.75
190	0.2508	0.1706	1.46
191	0.2256	0.1544	1.32
192	0.2691	0.1879	1.61
193	0.3429	0.1999	1.68
194	0.2948	0.2200	1.90
195	0.3112	0.1888	1.59
196	0.3581	0.1986	1.66
197	0.2808	0.1702	1.45
198	0.4720	0.1905	1.55
199	0.3542	0.1776	1.47
200	0.4609	0.2852	2.40
