#Epoch	RMSE	MAE	MAPE(%)
1	0.3850	0.3262	4.70
2	0.2849	0.2415	3.46
3	0.2312	0.1778	2.53
4	0.1980	0.1150	1.59
5	0.1977	0.1020	1.39
6	0.1840	0.0953	1.30
7	0.1829	0.0957	1.31
8	0.1843	0.1092	1.51
9	0.1635	0.0801	1.09
10	0.1727	0.1095	1.52
11	0.1763	0.0998	1.38
12	0.2087	0.1580	2.23
13	0.1714	0.1079	1.50
14	0.1796	0.1326	1.87
15	0.1545	0.0929	1.29
16	0.1970	0.1594	2.26
17	0.1455	0.0899	1.25
18	0.1621	0.1228	1.74
19	0.1635	0.1300	1.85
20	0.1789	0.1454	2.07
21	0.2008	0.1857	2.68
22	0.2049	0.1768	2.53
23	0.1807	0.1630	2.35
24	0.1475	0.1086	1.54
25	0.2244	0.2149	3.12
26	0.1350	0.0905	1.27
27	0.1408	0.1164	1.66
28	0.1314	0.0877	1.23
29	0.1664	0.1532	2.21
30	0.1170	0.0723	1.01
31	0.2319	0.2245	3.27
32	0.1097	0.0645	0.90
33	0.2477	0.2414	3.52
34	0.1006	0.0567	0.79
35	0.2206	0.2141	3.12
36	0.0976	0.0548	0.76
37	0.1846	0.1756	2.55
38	0.0929	0.0529	0.74
39	0.2214	0.2145	3.12
40	0.0976	0.0558	0.78
41	0.2164	0.2101	3.06
42	0.0966	0.0563	0.79
43	0.2101	0.2034	2.96
44	0.0945	0.0536	0.75
45	0.2341	0.2278	3.32
46	0.0922	0.0538	0.75
47	0.2256	0.2195	3.20
48	0.0940	0.0562	0.79
49	0.2161	0.2097	3.05
50	0.0946	0.0546	0.76
51	0.1871	0.1802	2.62
52	0.0935	0.0536	0.75
53	0.2201	0.2138	3.11
54	0.0977	0.0584	0.82
55	0.1921	0.1853	2.69
56	0.1039	0.0654	0.92
57	0.2075	0.2014	2.93
58	0.0911	0.0530	0.74
59	0.1854	0.1786	2.60
60	0.0966	0.0585	0.82
61	0.2133	0.2068	3.01
62	0.0979	0.0587	0.82
63	0.2537	0.2477	3.62
64	0.0951	0.0575	0.81
65	0.2282	0.2218	3.23
66	0.0955	0.0650	0.92
67	0.2066	0.1998	2.91
68	0.1020	0.0636	0.89
69	0.1957	0.1854	2.69
70	0.1069	0.0632	0.89
71	0.1654	0.1546	2.24
72	0.1018	0.0582	0.81
73	0.1583	0.1451	2.09
74	0.0922	0.0511	0.71
75	0.1770	0.1688	2.45
76	0.1048	0.0678	0.95
77	0.1818	0.1730	2.51
78	0.1155	0.0797	1.12
79	0.1783	0.1683	2.44
80	0.1041	0.0700	0.99
81	0.2242	0.2175	3.16
82	0.1122	0.0768	1.09
83	0.2226	0.2169	3.16
84	0.0998	0.0627	0.88
85	0.2197	0.2138	3.11
86	0.1219	0.0895	1.27
87	0.1669	0.1580	2.29
88	0.1043	0.0669	0.94
89	0.1978	0.1906	2.77
90	0.1019	0.0631	0.89
91	0.1822	0.1750	2.54
92	0.1013	0.0648	0.91
93	0.1829	0.1741	2.52
94	0.1079	0.0707	1.00
95	0.1769	0.1696	2.46
96	0.1028	0.0696	0.99
97	0.2028	0.1948	2.83
98	0.1196	0.0851	1.20
99	0.1651	0.1559	2.26
100	0.1017	0.0658	0.93
101	0.1935	0.1862	2.70
102	0.1021	0.0651	0.92
103	0.1680	0.1587	2.30
104	0.0987	0.0579	0.81
105	0.1405	0.1284	1.85
106	0.0996	0.0601	0.84
107	0.1212	0.1011	1.45
108	0.1021	0.0599	0.84
109	0.1207	0.1016	1.46
110	0.0952	0.0550	0.77
111	0.1410	0.1236	1.78
112	0.1125	0.0801	1.13
113	0.1626	0.1502	2.17
114	0.1172	0.0863	1.23
115	0.1828	0.1733	2.51
116	0.1557	0.1340	1.92
117	0.1672	0.1571	2.27
118	0.1539	0.1336	1.92
119	0.1934	0.1830	2.65
120	0.1455	0.1223	1.75
121	0.1817	0.1703	2.46
122	0.1543	0.1287	1.84
123	0.1768	0.1651	2.38
124	0.1463	0.1229	1.76
125	0.1764	0.1640	2.37
126	0.1283	0.1012	1.44
127	0.1563	0.1418	2.04
128	0.1502	0.1277	1.83
129	0.1513	0.1319	1.89
130	0.1348	0.1043	1.48
131	0.1260	0.1082	1.55
132	0.1365	0.1069	1.52
133	0.1359	0.1183	1.70
134	0.1219	0.0917	1.30
135	0.1333	0.1133	1.62
136	0.1492	0.1269	1.82
137	0.1374	0.1150	1.65
138	0.1448	0.1165	1.66
139	0.1245	0.0976	1.39
140	0.1299	0.0996	1.42
141	0.1426	0.1252	1.80
142	0.1311	0.1047	1.49
143	0.1357	0.1147	1.64
144	0.1269	0.0987	1.40
145	0.1284	0.1050	1.50
146	0.1404	0.1145	1.63
147	0.1302	0.1110	1.59
148	0.1385	0.1105	1.58
149	0.1283	0.1051	1.50
150	0.1537	0.1341	1.93
151	0.1441	0.1234	1.77
152	0.1400	0.1167	1.67
153	0.1541	0.1393	2.01
154	0.1597	0.1395	2.00
155	0.1515	0.1341	1.93
156	0.1622	0.1439	2.07
157	0.1587	0.1425	2.05
158	0.1656	0.1473	2.11
159	0.1397	0.1172	1.68
160	0.1655	0.1448	2.08
161	0.1274	0.1020	1.45
162	0.1407	0.1142	1.63
163	0.1372	0.1150	1.64
164	0.1312	0.1044	1.49
165	0.1404	0.1206	1.73
166	0.1478	0.1263	1.81
167	0.1464	0.1260	1.81
168	0.1438	0.1211	1.73
169	0.1472	0.1302	1.87
170	0.1571	0.1372	1.97
171	0.1351	0.1103	1.57
172	0.1519	0.1316	1.88
173	0.1254	0.0980	1.39
174	0.1356	0.1101	1.57
175	0.1197	0.0918	1.30
176	0.1449	0.1217	1.74
177	0.1352	0.1144	1.64
178	0.1530	0.1297	1.86
179	0.1269	0.1041	1.49
180	0.1441	0.1199	1.71
181	0.1388	0.1179	1.69
182	0.1396	0.1143	1.64
183	0.1633	0.1482	2.13
184	0.1586	0.1382	1.98
185	0.1588	0.1407	2.02
186	0.1735	0.1560	2.24
187	0.1526	0.1315	1.88
188	0.1699	0.1516	2.18
189	0.1712	0.1550	2.23
190	0.1772	0.1615	2.32
191	0.1624	0.1441	2.07
192	0.1563	0.1383	1.99
193	0.1510	0.1253	1.79
194	0.1559	0.1318	1.89
195	0.1323	0.1055	1.50
196	0.1350	0.1033	1.47
197	0.1343	0.1146	1.64
198	0.1427	0.1152	1.65
199	0.1415	0.1216	1.74
200	0.1332	0.1045	1.49
