#Epoch	RMSE	MAE	MAPE(%)
1	5.2114	5.0184	11.37
2	5.3751	5.1921	11.77
3	5.1320	4.9473	11.21
4	4.9756	4.7931	10.86
5	4.6984	4.5178	10.24
6	4.3200	4.1434	9.38
7	3.7164	3.5455	8.03
8	2.7156	2.5488	5.76
9	1.1857	0.9505	2.13
10	0.8616	0.7114	1.62
11	0.7845	0.6292	1.43
12	0.6745	0.4986	1.13
13	0.7739	0.6305	1.44
14	0.7209	0.5688	1.29
15	0.6858	0.5220	1.18
16	0.7187	0.5703	1.29
17	0.7084	0.5557	1.26
18	0.6902	0.5314	1.20
19	0.6937	0.5378	1.22
20	0.6880	0.5291	1.20
21	0.6802	0.5168	1.17
22	0.6781	0.5137	1.16
23	0.6739	0.5061	1.15
24	0.6696	0.4971	1.12
25	0.6666	0.4906	1.11
26	0.6641	0.4838	1.09
27	0.6615	0.4765	1.08
28	0.6596	0.4684	1.06
29	0.6579	0.4617	1.04
30	0.6576	0.4547	1.02
31	0.6566	0.4465	1.01
32	0.6579	0.4407	0.99
33	0.6578	0.4330	0.97
34	0.6610	0.4281	0.96
35	0.6617	0.4218	0.95
36	0.6667	0.4195	0.94
37	0.6680	0.4135	0.93
38	0.6751	0.4134	0.93
39	0.6773	0.4074	0.91
40	0.6873	0.4106	0.92
41	0.6892	0.4052	0.90
42	0.7016	0.4148	0.93
43	0.7036	0.4089	0.91
44	0.7194	0.4234	0.94
45	0.7203	0.4174	0.93
46	0.7377	0.4345	0.97
47	0.7381	0.4271	0.95
48	0.7581	0.4506	1.00
49	0.7554	0.4396	0.98
50	0.7795	0.4675	1.04
51	0.7781	0.4621	1.03
52	0.8056	0.4880	1.08
53	0.8020	0.4868	1.08
54	0.8323	0.5105	1.13
55	0.8297	0.5149	1.14
56	0.8593	0.5374	1.19
57	0.8570	0.5446	1.21
58	0.8860	0.5668	1.26
59	0.8837	0.5727	1.27
60	0.9124	0.5954	1.32
61	0.9141	0.6030	1.34
62	0.9378	0.6225	1.38
63	0.9439	0.6324	1.40
64	0.9661	0.6518	1.45
65	0.9726	0.6607	1.47
66	0.9946	0.6808	1.51
67	1.0032	0.6903	1.53
68	1.0225	0.7090	1.58
69	1.0359	0.7220	1.60
70	1.0501	0.7367	1.64
71	1.0644	0.7502	1.67
72	1.0751	0.7622	1.70
73	1.0920	0.7782	1.73
74	1.1017	0.7894	1.76
75	1.1202	0.8076	1.80
76	1.1231	0.8116	1.81
77	1.1453	0.8351	1.86
78	1.1394	0.8296	1.85
79	1.1674	0.8606	1.92
80	1.1596	0.8525	1.90
81	1.1786	0.8755	1.95
82	1.1779	0.8750	1.95
83	1.1830	0.8834	1.97
84	1.1932	0.8955	2.00
85	1.1895	0.8940	1.99
86	1.1966	0.9046	2.02
87	1.1911	0.9008	2.01
88	1.1878	0.9003	2.01
89	1.1831	0.8984	2.00
90	1.1791	0.8974	2.00
91	1.1712	0.8920	1.99
92	1.1600	0.8828	1.97
93	1.1519	0.8774	1.96
94	1.1406	0.8680	1.94
95	1.1313	0.8606	1.92
96	1.1200	0.8508	1.90
97	1.1116	0.8448	1.89
98	1.0987	0.8331	1.86
99	1.0853	0.8206	1.83
100	1.0735	0.8100	1.81
101	1.0638	0.8016	1.79
102	1.0543	0.7934	1.77
103	1.0447	0.7848	1.75
104	1.0356	0.7765	1.73
105	1.0241	0.7654	1.71
106	1.0148	0.7569	1.69
107	1.0053	0.7478	1.67
108	0.9941	0.7362	1.64
109	0.9845	0.7267	1.62
110	0.9779	0.7211	1.61
111	0.9681	0.7112	1.59
112	0.9594	0.7024	1.57
113	0.9519	0.6951	1.55
114	0.9433	0.6863	1.53
115	0.9356	0.6783	1.52
116	0.9288	0.6714	1.50
117	0.9212	0.6635	1.48
118	0.9152	0.6576	1.47
119	0.9099	0.6523	1.46
120	0.9023	0.6444	1.44
121	0.8966	0.6382	1.43
122	0.8862	0.6259	1.40
123	0.8818	0.6208	1.39
124	0.8732	0.6105	1.36
125	0.8697	0.6067	1.36
126	0.8623	0.5979	1.34
127	0.8594	0.5950	1.33
128	0.8540	0.5888	1.32
129	0.8497	0.5838	1.30
130	0.8462	0.5797	1.30
131	0.8406	0.5728	1.28
132	0.8396	0.5719	1.28
133	0.8352	0.5662	1.26
134	0.8295	0.5587	1.25
135	0.8263	0.5539	1.24
136	0.8245	0.5509	1.23
137	0.8227	0.5480	1.22
138	0.8204	0.5447	1.22
139	0.8204	0.5444	1.22
140	0.8203	0.5441	1.22
141	0.8223	0.5467	1.22
142	0.8257	0.5516	1.23
143	0.8269	0.5560	1.24
144	0.8269	0.5635	1.26
145	0.8345	0.5875	1.32
146	0.8772	0.6588	1.48
147	0.9225	0.7239	1.63
148	0.8062	0.5621	1.26
149	0.6761	0.3763	0.85
150	0.7079	0.4547	1.03
151	0.9077	0.6294	1.40
152	0.8699	0.5959	1.33
153	0.8494	0.5715	1.28
154	0.8725	0.6042	1.35
155	0.8764	0.6045	1.35
156	0.8809	0.6031	1.34
157	0.8872	0.6095	1.36
158	0.8935	0.6181	1.38
159	0.8976	0.6251	1.39
160	0.9003	0.6309	1.41
161	0.9014	0.6348	1.42
162	0.9001	0.6356	1.42
163	0.8953	0.6317	1.41
164	0.8911	0.6283	1.40
165	0.8854	0.6228	1.39
166	0.8788	0.6158	1.38
167	0.8755	0.6130	1.37
168	0.8705	0.6078	1.36
169	0.8662	0.6037	1.35
170	0.8611	0.5980	1.34
171	0.8558	0.5917	1.32
172	0.8498	0.5844	1.31
173	0.8443	0.5777	1.29
174	0.8398	0.5721	1.28
175	0.8375	0.5694	1.27
176	0.8337	0.5648	1.26
177	0.8327	0.5642	1.26
178	0.8293	0.5602	1.25
179	0.8291	0.5605	1.25
180	0.8248	0.5552	1.24
181	0.8240	0.5545	1.24
182	0.8223	0.5522	1.23
183	0.8182	0.5470	1.22
184	0.8174	0.5459	1.22
185	0.8157	0.5433	1.21
186	0.8120	0.5378	1.20
187	0.8123	0.5374	1.20
188	0.8093	0.5325	1.19
189	0.8083	0.5300	1.18
190	0.8098	0.5309	1.19
191	0.8097	0.5307	1.19
192	0.8119	0.5339	1.19
193	0.8167	0.5400	1.21
194	0.8246	0.5486	1.23
195	0.8424	0.5676	1.27
196	0.8771	0.6038	1.35
197	0.9231	0.6734	1.51
198	1.0295	0.8274	1.86
199	1.1073	0.9296	2.09
200	0.8129	0.5505	1.23
